<?xml version="1.0" encoding="UTF-8" standalone="no" ?>
<SimscapeMultibodyImportXML version="2.0" xmlns="urn:mathworks:SimscapeMultibody:import" xmlns:xsi="http://www.w3.org/2001/XMLSchema-instance">
<Created by="zulet" on="11/17/22||02:13:40" using="Simscape Multibody Link Version 7.4" from="Autodesk Inventor 2021 (Build 250183000, 183)"/>
<ModelUnits mass="lbmass" length="inch"/>
<DataUnits mass="kilogram" length="centimeter"/>
<RootAssembly name="Assembly1.iam" uid="Assembly1.iam_{A5372804-42BF-B70A-B2BC-86AE7E1DA7BA}" version="{21BEE72F-4FF4-ADFE-3ADB-FECC318B09A7}">
<AssemblyFile name="Assembly1.iam" type="Inventor Assembly"/>
<InstanceTree>
<Instance name="sim_LINK1:1" uid="sim_LINK1:1" entityUid="sim_LINK1.ipt_{9B5B08C2-4DBF-8609-13C2-DCA04C8930DE}">
<Transform>
<Rotation>0.7232531795172964 -0.69001518559060671 0.027997892286330851 0.68955511358909793 0.72379410179008441 0.025215938154443854 -0.037664089544880458 0.0010685823510431472 0.99928988511368366</Rotation>
<Translation>12.230615380570557 3.4006069871366811 9.4935992673069389</Translation>
</Transform>
</Instance>
<Instance name="sim_MARCADOR:1" uid="sim_MARCADOR:1" entityUid="sim_MARCADOR.ipt_{C1B86DB5-4478-05CE-3A7F-2D946902D73E}">
<Transform>
<Rotation>-0.73993891813177315 0.4619301975036052 0.48898966253719928 0.57232107036725588 0.81429611762527976 0.096800956782804717 -0.35346709867772136 0.35148588229780542 -0.86690177338478203</Rotation>
<Translation>-25.092597522490973 12.521651381084073 0.23027630212325076</Translation>
</Transform>
</Instance>
<Instance name="sim_BASE:1" grounded="true" uid="sim_BASE:1" entityUid="sim_BASE.ipt_{AC4E670F-4606-7D18-FF88-EEB3B950D848}">
<Transform>
<Rotation>0.99927425371869583 0 0.038091545714782425 0 1 0 -0.038091545714782425 0 0.99927425371869583</Rotation>
<Translation>9.8224652690730458 2.9332767280268266 15.523416681449987</Translation>
</Transform>
</Instance>
<Instance name="sim_LINK2:1" uid="sim_LINK2:1" entityUid="sim_LINK2.ipt_{61C53538-414D-E790-F9BA-059944D77944}">
<Transform>
<Rotation>0.63263920106980498 -0.77405318128686618 0.024684282639428987 0.7735370764187055 0.63311944812505194 0.028287025496220117 -0.037523761476530283 0.0011987266158269725 0.99929501668883869</Rotation>
<Translation>7.8027458809198782 17.342253087370771 15.55654452755299</Translation>
</Transform>
</Instance>
</InstanceTree>
<Constraints>
<Coincident name="Mate:1">
<ConstraintGeometry geomType="cylinder">
<InstancePath>
<Uid>sim_LINK1:1</Uid>
</InstancePath>
<Position>-2.676945445748073 2.1337765325346192 1.2560339352467391</Position>
<Axis>-0.036543989818944814 -5.9847959921199845e-16 0.99933204532232844</Axis>
</ConstraintGeometry>
<ConstraintGeometry geomType="cylinder">
<InstancePath>
<Uid>sim_BASE:1</Uid>
</InstancePath>
<Position>-0.82923978434773993 0.19751578101294331 -3.5357250458174416</Position>
<Axis>0.036543989818943676 1.0145448966440456e-16 -0.999332045322332</Axis>
</ConstraintGeometry>
</Coincident>
<Coincident name="Mate:2">
<ConstraintGeometry geomType="plane">
<InstancePath>
<Uid>sim_LINK1:1</Uid>
</InstancePath>
<Position>-2.7197019138362517 2.1337765325346223 2.4252524282738595</Position>
<Axis>-0.036543989818944814 -5.9847959921199845e-16 0.99933204532232844</Axis>
</ConstraintGeometry>
<ConstraintGeometry geomType="plane">
<InstancePath>
<Uid>sim_BASE:1</Uid>
</InstancePath>
<Position>-0.82923978434773993 0.19751578101294331 -3.5357250458174416</Position>
<Axis>0.036543989818943676 1.0145448966440456e-16 -0.999332045322332</Axis>
</ConstraintGeometry>
</Coincident>
<Coincident name="Mate:3">
<ConstraintGeometry geomType="cylinder">
<InstancePath>
<Uid>sim_LINK2:1</Uid>
</InstancePath>
<Position>-17.436476268435026 6.8896076521890448 -6.6446963787494084</Position>
<Axis>-0.036543989818947117 -1.0156805951844206e-15 0.99933204532233422</Axis>
</ConstraintGeometry>
<ConstraintGeometry geomType="cylinder">
<InstancePath>
<Uid>sim_LINK1:1</Uid>
</InstancePath>
<Position>-11.930397717569791 17.809544423423883 -1.4239142142671586</Position>
<Axis>-0.036543989818945806 -1.1796119636642288e-15 0.99933204532232833</Axis>
</ConstraintGeometry>
</Coincident>
<Distance name="Mate:4">
<ConstraintGeometry geomType="plane">
<InstancePath>
<Uid>sim_LINK2:1</Uid>
</InstancePath>
<Position>-17.502255450109111 6.8896076521890484 -4.8458986971689892</Position>
<Axis>0.036543989818945882 0 -0.99933204532233422</Axis>
</ConstraintGeometry>
<ConstraintGeometry geomType="plane">
<InstancePath>
<Uid>sim_LINK1:1</Uid>
</InstancePath>
<Position>-7.5411636946792431 10.29642839673167 1.2782908596974707</Position>
<Axis>0.036543989818945077 4.9678143543285813e-16 -0.99933204532232844</Axis>
</ConstraintGeometry>
</Distance>
<Coincident name="Mate:5">
<ConstraintGeometry geomType="cylinder">
<InstancePath>
<Uid>sim_MARCADOR:1</Uid>
</InstancePath>
<Position>-6.86983617160055 20.208902543307246 -3.2562858859915735</Position>
<Axis>0.67354822488183153 0.73873278167169143 0.024630591591518217</Axis>
</ConstraintGeometry>
<ConstraintGeometry geomType="cylinder">
<InstancePath>
<Uid>sim_LINK2:1</Uid>
</InstancePath>
<Position>-7.3076425177739743 19.728726235219852 -3.2722957705260747</Position>
<Axis>-0.67354822488182942 -0.7387327816716921 -0.024630591591520579</Axis>
</ConstraintGeometry>
</Coincident>
<Coincident name="Mate:6">
<ConstraintGeometry geomType="plane">
<InstancePath>
<Uid>sim_MARCADOR:1</Uid>
</InstancePath>
<Position>-6.9371909940887306 20.135029265140076 -3.2587489451507228</Position>
<Axis>-0.67354822488183153 -0.73873278167169143 -0.024630591591518217</Axis>
</ConstraintGeometry>
<ConstraintGeometry geomType="plane">
<InstancePath>
<Uid>sim_LINK2:1</Uid>
</InstancePath>
<Position>-6.8806910377956996 20.075990903431386 -3.0330894078257948</Position>
<Axis>0.67354822488182942 0.7387327816716921 0.024630591591520579</Axis>
</ConstraintGeometry>
</Coincident>
</Constraints>
<Joints>
</Joints>
</RootAssembly>
<Assemblies>
</Assemblies>
<Parts>
<Part name="sim_BASE.ipt" uid="sim_BASE.ipt_{AC4E670F-4606-7D18-FF88-EEB3B950D848}" version="{9BA1DC13-96C1-47F9-CD38-E25A124B6CC3}">
<PartFile name="sim_BASE.ipt" type="Inventor Part"/>
<MassProperties>
<Mass>0.15334642023702549</Mass>
<CenterOfMass>-2.0276990447918406 -1.2029283374228121 -8.0425020097468138</CenterOfMass>
<Inertia>5.6164744423844928 6.3576704831434219 1.3680895089624465 0.02241234377799833 0.21145137234724917 -0.30549392079158283</Inertia>
</MassProperties>
<GeometryFile name="sim_BASE_ipt_b702c291.STEP" type="STEP"/>
<VisualProperties>
<Ambient r="0.74901960784313726" g="0.74901960784313726" b="0.74901960784313726" a="1"/>
<Diffuse r="0.74901960784313726" g="0.74901960784313726" b="0.74901960784313726" a="1"/>
<Specular r="0" g="0" b="0" a="1"/>
<Emissive r="0" g="0" b="0" a="1"/>
<Shininess>0.14999999999999999</Shininess>
</VisualProperties>
</Part>
<Part name="sim_LINK1.ipt" uid="sim_LINK1.ipt_{9B5B08C2-4DBF-8609-13C2-DCA04C8930DE}" version="{6CD48614-F5A7-2A8D-0DEF-3A8F9D98EF60}">
<PartFile name="sim_LINK1.ipt" type="Inventor Part"/>
<MassProperties>
<Mass>0.072057590433707727</Mass>
<CenterOfMass>-8.304757989416423 11.640618440438532 0.18307640728268185</CenterOfMass>
<Inertia>2.9258253771916025 1.0946012395608613 3.9330752393780002 0.17541681556313349 -0.10502163854685892 1.6806519996583402</Inertia>
</MassProperties>
<GeometryFile name="sim_LINK1_ipt_649e3c37.STEP" type="STEP"/>
<VisualProperties>
<Ambient r="0.74901960784313726" g="0.74901960784313726" b="0.74901960784313726" a="1"/>
<Diffuse r="0.74901960784313726" g="0.74901960784313726" b="0.74901960784313726" a="1"/>
<Specular r="0" g="0" b="0" a="1"/>
<Emissive r="0" g="0" b="0" a="1"/>
<Shininess>0.14999999999999999</Shininess>
</VisualProperties>
</Part>
<Part name="sim_LINK2.ipt" uid="sim_LINK2.ipt_{61C53538-414D-E790-F9BA-059944D77944}" version="{E669560A-DE3F-0DE4-F218-BCF154FB445F}">
<PartFile name="sim_LINK2.ipt" type="Inventor Part"/>
<MassProperties>
<Mass>0.058852191025561988</Mass>
<CenterOfMass>-12.90058692828965 12.197491952225729 -3.565018054120964</CenterOfMass>
<Inertia>1.3903210661565699 1.0609601133598534 2.1990042917596986 -0.15090514029982569 -0.12939091784530865 -1.0389078585994138</Inertia>
</MassProperties>
<GeometryFile name="sim_LINK2_ipt_6abe56ca.STEP" type="STEP"/>
<VisualProperties>
<Ambient r="0.74901960784313726" g="0.74901960784313726" b="0.74901960784313726" a="1"/>
<Diffuse r="0.74901960784313726" g="0.74901960784313726" b="0.74901960784313726" a="1"/>
<Specular r="0" g="0" b="0" a="1"/>
<Emissive r="0" g="0" b="0" a="1"/>
<Shininess>0.14999999999999999</Shininess>
</VisualProperties>
</Part>
<Part name="sim_MARCADOR.ipt" uid="sim_MARCADOR.ipt_{C1B86DB5-4478-05CE-3A7F-2D946902D73E}" version="{597EE333-652A-B7F7-7D56-9F40F321100C}">
<PartFile name="sim_MARCADOR.ipt" type="Inventor Part"/>
<MassProperties>
<Mass>0.025966720656822949</Mass>
<CenterOfMass>-6.4562005340626785 21.211690747465191 -1.8221906871372859</CenterOfMass>
<Inertia>0.20614907012188449 0.20937491425771304 0.024421499337297065 -0.030752866657419189 0.039565740055871233 0.006180082655789192</Inertia>
</MassProperties>
<GeometryFile name="sim_MARCADOR_ipt_d0c1647d.STEP" type="STEP"/>
<VisualProperties>
<Ambient r="0.74901960784313726" g="0.74901960784313726" b="0.74901960784313726" a="1"/>
<Diffuse r="0.74901960784313726" g="0.74901960784313726" b="0.74901960784313726" a="1"/>
<Specular r="0" g="0" b="0" a="1"/>
<Emissive r="0" g="0" b="0" a="1"/>
<Shininess>0.14999999999999999</Shininess>
</VisualProperties>
</Part>
</Parts>
</SimscapeMultibodyImportXML>
